16 12
640 804
0  0  0  0  0  0  0  0  0  0  0  0  0  0  0  0
0  0  0  0  0  90 0  0  99 92 0  0  0  0  0  0
0  0  0  0  91 99 0  0  55 77 0  0  0  44 0  0
0  0  91 0  55 66 77 0  0  0  0  0  0  0  0  0
0  0  44 0  0  0  0  0  0  0  0  0  0  0  0  0
93 92 0  0  0  0  0  0  0  0  0  0  0  0  0  0
55 77 99 0  0  0  0  0  0  0  0  0  0  0  44 0
0  0  44 0  0  0  0  0  0  0  0  0  0  0  0  0
0  0  92 93 92 0  0  0  0  0  0  0  0  0  0  0
90 0  55 66 77 0  0  90 0  0  0  0  44 0  0  0
99 0  91 0  0  44 0  91 0  99 0  0  0  92 99 0
11 22 33 0  0  0  0  11 22 33 0  0  0  11 22 33